11111111111111111111111111111111
13333333333333333333333333333331
13111111131111113113111113111131
13111111131111113113111113111131
13111111131111113113111113111131
13333333333333333333333333333331
13111311113113111111113113113131
13111311113113111111113113113131
13333333333113333113333113333331
11111111113111113113111113111111
11111111113111113113111113111111
11111111113113333533333113111111
1111111111311311bbbb113113111111
11111111113113114440113113111111
13333333333333110000113333333331
13111111113113111111113113111131
13333333333113111111113113333331
11111111113113333333333113111111
11111111113113111111113113111111
11111111113113111111113113111111
13333333333333333113333333333331
13111111113111113113111113111131
13111111113111113113111113111131
13333333333333333233333333333331
11111311111311111111311111113111
11111311111311111111311111113111
13333333333333333333333333333331
13111111111111311311111111111131
13111111111111311311111111111131
13333333333333333333333333333331
11111111111111111111111111111111
11111111111111111111111111111111