11111111111111111111111111111111
11503333300000000000000333332511
11310000001111111111111111100311
113101111111111c4811100000003111
113101111111111bbb11111111111311
13310111111170076007111111111311
13310131313100000000131313111331
13110131313100067000131313111131
13110131313100000000131313111131
13110000033333300000333333111131
13333331011111111111111113333331
13133131011111111111111113133131
13133131011111111111111113133131
13133111011111111111111111133131
13111111000000111111111111111131
13111111111160000006111111111131
13111111111000000000011111111131
13111111113300077000331111111131
13111111130300000000303111111131
13111111330000000000003311111131
13111113611111111111111631111131
13333333111111111111111133333331
13111111111111111111111111111131
13333333333333333333333333333331
13111110003111111111130001111131
13103000003000011000030000030131
13111333033001111110033033311131
13111111111111111111111111111131
13300000003011111111030000000331
13300333033000011000033033300331
15333333333333333333333333333351
11111111111111111111111111111111