11111111111111111111111111111111
15000033303311111100003003030531
12333300003314480000070030033001
11111011130011111100060030000101
13000033033303031010011111100101
10031111103010301010300030003101
13030330100010331010111111130131
13033333100310001310100307030131
10030306033013061010100303303131
10000300373010031010100300003101
13000330300310301010100301110101
13031113030010331310111301013131
13001013333311111313303001016101
15031010033303330011111001310101
13033010703003333000003031013151
10003013003003000000033301000101
13111013111111110330030001300101
10101010101013330030000001110101
10101010131311111111111000030101
13131013131010300031303011113101
10101113131310330111301310133101
13133300101300030101301310130131
13101110131303330101001310100101
13100300101330303101001310130131
13111113101111111101001013100101
13033310131033030031301010111101
13033313130000300001301013000001
10003313133003300001001310111101
13303311111331111111111113000001
13300303330030300003030000000301
13033333033330300000000033000001
11111111111111111111111111111111