11111111111111111111111111111111
11111111111111111111111111111111
13333331333333333333333313333331
13111131313111111111131313111131
13133333313111111111131333333131
13131111313133313331131311113131
13131111313331353133331311113131
13331111313111111111131333333131
13133333313110484801131311113331
1313111131311bbbbbb1131311113131
13131111313333333333331311113131
13133333313111111111131333333131
13111131313111111111131313111131
13111131313331333133331313111131
13333331333133313331133313333331
13111111111111113111111111111131
13111111111111113111111111111131
13333331333333333333333313333331
13111131313111111111131313111131
13133333313111111111131333333131
13131111313133313331131311113131
13131111313331333133331311113131
13331111313111111111131333333131
13133333313111111111131311113331
13131111313111111111131311113131
13131111313333333333331311113131
13133333313111111111131333333131
13111131313111111111131313111131
13111131313331323133331313111131
13333331333133313331133313333331
11111111111111111111111111111111
11111111111111111111111111111111
