11111111111111111111111111111111
115033333000b000000b000333332511
113111111111108c4801111111111311
11311111111110000001111111111311
11311111111111bbbb11111111111311
13311111111170076007111111111311
13311131313100000000131313111331
13111131313100067000131313111131
13111131313100000000131313111131
13111133333300000000333333111131
13333331111111111111111113333331
13133131111111111111111113133131
13133131111111111111111113133131
13133111111111111111111111133131
13111111111111111111111111111131
13111111111160000006111111111131
13111111111000000000011111111131
13111111113300077000331111111131
13111111130300000000303111111131
13111111330000000000003311111131
13111113611111111111111631111131
13333333111111111111111133333331
13111111111111111111111111111131
13333333333333333333333333333331
13111110003111111111130001111131
13103000003000011000030000030131
13111333033001111110033033311131
13111111111111111111111111111131
13300000003011111111030000000331
13300333033000011000033033300331
15333333333333333333333333333351
11111111111111111111111111111111