11111111111111111111111111111111
15333333333333333333333333333351
13111111131111113113111113111131
13111111131111113113111113111131
13111111131111113113111113111131
13333333333333333333333333333331
13111311113113111111113113113131
13111311113113111111113113113131
16333333333113333113333113333361
11111111113111113113111113111111
11111111113111113113111113111111
11111111113113333333333113111111
1111111111311311bbbb113113111111
11111111113113110de4113113111111
13333333333333111111113333333331
13111111113113111111113113111131
13333333333113111111113113333331
11111111113113333333333113111111
11111111113113111111113113111111
11111111113113111111113113111111
17333333333333333113333333333371
13111111113111113113111113111131
13111111113111113113111113111131
13333333333333333233333333333331
11111311111311111111311111113111
11111311111311111111311111113111
13333333333333333333333333333331
13111111111111311311111111111131
13111111111111311311111111111131
15333333333333333333333333333351
11111111111111111111111111111111
11111111111111111111111111111111